443334412343305813916496047507877574,1,1.87571756982
115319476012635868373950702521605830042,1,7.35075998181
204080598514334017133051824857207272159,1,13.2882302821
308997771383137811870787538414462900926,1,28.570313047
139392457372367325238885086301706523420,1,43.6764962403
12029046454453891638002827738523029374,1,83.6940139904
329755447824430493268884366551979891625,1,87.3487964722
190744991519535510886155835087674241321,1,97.1438346601
547653396174039857874533374183911860,1,149.652479856
261342702674162405167152273139664275144,1,152.590056241
214918333373434219763846269139537338088,1,177.382580083
162139737520295902450089220469903790773,1,177.524298395
24236996560673384721972043667553891691,1,183.12906073
32567686960933596681420570150567343845,1,197.790191388
314675894896933774924104092210513634424,1,198.376019524
263592264632753852078179302258489884903,1,226.914550616
39669548772118101096922842707469498956,1,227.846425543
112190832331893543398624740965885408539,1,244.577403413
168617329889234628390306133082008780003,1,262.915889817
189370783934416250398281779836407400554,1,276.761227616
100006080107401137426727747247980754594,1,282.237904597
162944147633975250818704108235485171829,1,305.150210635
309439575272078339945807239275387650721,1,318.630427214
19562633182238195257353440246412512608,1,328.593284345
185010627024181461943263709444456426144,1,329.011992471
60262531126502592598973785560687597638,1,333.562805415
160469258071315771019612547641412533313,1,334.732244369
168393157395284661549526449135310837307,1,353.920799925
231748130535891159004054270683336591398,1,358.611892686
174617598578848215637106034189768693974,1,370.574697428
285026598843043130825378060566941829043,1,377.477914622
104283439932320879243404655276197214617,1,388.028932698
130321640927981501172276086274464493012,1,392.697832778
51354907814108641201814225326924563693,1,402.557883664
101319460149167556325139730612130923172,1,407.509960332
201736564040780207569995039844518496705,1,422.632462723
295722662385137769573082658223505802176,1,424.804212225
34754327414301144769613296987097634455,1,432.332143138
12349968256428733411295669307607972132,1,446.096259408
107144511435740910994069039428548039649,1,464.096106345
249487410187866394317337191433610777917,1,471.396650526
224274506386949884781323983427242500532,1,473.729680521
309523132689577583650917611261819930951,1,483.541045541
306592320577119535525335127072035565042,1,484.249787851
36593804274336437251776710399188400601,1,499.248613102
45422300108022613134074781177828170516,1,502.224918118
134201826027728958603074935591594092011,1,515.514882696
244690685212225231983972539832327128003,1,519.366041213
260702673055739173015535369278886985749,1,541.408003761
262574007546969930625906086697843323776,1,548.887951746
102286318008991875073075253306529978953,1,554.878784151
75147278277900480497853263911668402162,1,558.706227733
339667864739597215983162766553891680893,1,566.231375354
167413042784136307811463827435270979673,1,572.05283308
243786164494551964123023967629317663748,1,574.810567653
178623274050458119095112587154968986797,1,578.537112522
234588077388802433083704100423854745753,1,583.781420581
297887265650817672064769750348008057115,1,585.564351413
78547353000126387225842416114257263467,1,597.914561417
213597827772776671211891442641789483504,1,599.90588907